0	1	100
1	0	100
1	2	100
1	15	100
2	1	100
2	3	100
3	2	100
3	4	100
3	17	100
4	3	100
4	5	100
5	4	100
5	6	100
5	19	100
6	5	100
6	7	100
7	6	100
7	8	100
7	21	100
8	7	100
8	9	100
9	8	100
9	10	100
9	23	100
10	9	100
10	11	100
11	10	100
11	12	100
11	25	100
12	11	100
12	13	100
13	12	100
13	27	100
14	0	100
14	15	100
15	16	100
15	29	100
16	17	100
16	2	100
17	31	100
17	18	100
18	4	100
18	19	100
19	20	100
19	33	100
20	6	100
20	21	100
21	22	100
22	8	100
22	23	100
23	37	100
23	24	100
24	25	100
24	10	100
25	39	100
25	26	100
26	12	100
26	27	100
27	41	100
27	13	100
28	14	100
29	28	100
29	43	100
30	29	100
30	16	100
31	30	100
31	45	100
32	31	100
32	18	100
33	32	100
33	47	100
34	33	100
34	20	100
35	34	100
36	35	100
36	22	100
37	36	100
37	51	100
38	37	100
38	24	100
39	53	100
39	38	100
40	39	100
40	26	100
41	40	100
41	27	100
41	55	100
42	28	100
42	43	100
43	57	100
43	44	100
44	30	100
44	45	100
45	59	100
45	46	100
46	32	100
46	47	100
47	48	100
47	61	100
48	49	100
48	34	100
49	63	100
50	36	100
51	52	100
51	65	100
52	53	100
52	38	100
53	67	100
53	54	100
54	55	100
54	40	100
55	41	100
55  69	100
56  42  100
57  56  100
57  71  100
58  57  100
58  44  100
59  58  100
59  73  100
60  59  100
60  46  100
61  60  100
61  75  100
62  61  100
62  48  100
63  62  100
63  77  100
64  63  100
64  50  100
65  64  100
65  79  100
66  65  100
66  52  100
67  66  100
67  81  100
68  67  100
68  54  100
69  68  100
69  55  100
69  83  100
70  71  100
70  56  100
71  72  100
71	85 	 100
72  73  100
72  58  100
73  74  100
73  87  100
74  75  100
74  60  100
75  76  100
75  89  100
76  77  100
76  62  100
77  78  100
77  91  100
78  79  100
78  64  100
79  80  100
79  93  100
80  81  100
80  66  100
81  82  100
81  95  100
81  66  141
81  96  141
82  83  100
82  68  100
83  97  100
84  70  100
85  84  100
85	99  100
86	85  100
86	72  100
87	86  100
87	101 100
88	87  100
88	74  100
89	88  100
89	103 100
90	89  100
90	76  100
91	90  100
91	105 100
92	91  100
92	78  100
93	92  100
93	107 100
94	93  100
94	80  100
95	94  100
95	109	100
96	95	100
96	97	100
96	82	100
96	81	141
96	111	141
97	111	100
98	84	100
98	99	100
99	98	100
99	100	100
100	99	100
100	101	100
100	86	100
101	100	100
101	102	100
102	101	100
102	103	100
102	88	100
103	102	100
103	104	100
104	103	100
104	105	100
104	90	100
105	104	100
105	106	100
106	105	100
106	107	100
106	92	100
107	106	100
107	108	100
108	107	100
108	109	100
108	94	100
109	108	100
109	110	100
110	109	100
110	111	100
110	96	100
111	110	100
111	96	141